0.0
0.0
0.0
0.18854004410911832
0.5993976259540286
0.8030738222666702
0.7241179699586126
0.8301522548087572
0.9188844635496383
0.8446015809968667
0.9194048163355211
0.9198132892925648
0.9070604365089623
0.8894486731878799
0.814546046301277
0.9011325477163585
0.9126964840292968
0.9174605937637053
0.8897811518353903
0.9292164530608519
0.9298393320064797
0.9412426997903034
0.9227664309913435
0.9225124202876183
0.9149162586909981
0.924682178657755
0.9015679005650434
0.9254815517179251
0.9195535548633278
0.9506408999135949
0.9127430979963556
0.9065419865107307
0.9255797887505504
0.9197219377483334
0.9207183731573911
0.9347122208932689
0.9310720376151416
0.9230672892414971
0.933394221115132
0.9089152796033153
0.9111346978104744
0.9102487088006017
0.9120572289414848
0.911507746145563
0.9105742528287235
0.9158955115643095
0.9094794722216006
0.91080997501307
