8.768259625642975e-07
0.00012366363573178155
5.163915590635756e-07
0.0
0.11309851969779963
0.07130905318117134
0.1911589434479363
0.27636665803177474
0.161108765478523
0.053501961785616954
0.2519065220682839
0.21845061480735664
0.22040171203157286
0.0028658550565146615
0.19389285606661308
0.09774923067031437
0.0017199263256340565
0.25222888566335333
0.2909253874793547
0.2756449126305763
0.22466938221062785
0.2265257154374632
0.04345597293827598
0.0003401360544217687
0.10374910547996696
0.23111390750982955
0.2409527375062345
0.18253909333040544
0.2439512517304586
0.2373298439269681
0.2338536180461203
